40
false
0 55 74 31 4 37 24 88 46 100 46 50 78 40 92 66 82 96 65 7 75 30 90 31 16 17 87 64 56 95 39 28 73 67 4 96 43 7 78 21 
55 0 6 40 95 45 46 96 63 42 26 64 34 15 78 49 62 76 19 76 42 75 65 29 79 14 92 8 64 29 7 57 91 4 19 41 31 7 87 65 
74 6 0 31 24 81 42 15 93 98 32 43 51 63 75 4 44 10 38 90 48 84 71 27 100 82 54 61 52 13 71 45 91 5 8 55 90 16 32 57 
31 40 31 0 33 15 9 55 91 82 100 33 21 86 17 3 19 63 37 85 86 43 22 36 77 4 80 57 100 16 40 98 60 32 94 8 2 46 86 16 
4 95 24 33 0 16 18 25 59 17 70 66 78 19 63 91 43 49 40 63 24 86 53 93 55 34 95 37 82 21 45 8 42 49 12 76 51 30 48 71 
37 45 81 15 16 0 58 76 49 51 20 95 61 42 14 11 1 35 8 66 13 86 42 21 44 57 36 71 22 53 34 10 72 12 88 48 57 63 68 4 
24 46 42 9 18 58 0 43 37 23 74 83 82 85 4 88 37 3 91 11 38 9 36 13 53 24 97 23 30 48 69 49 88 15 21 56 34 40 69 27 
88 96 15 55 25 76 43 0 27 36 36 71 25 29 21 15 52 53 56 31 46 21 64 65 100 37 21 3 45 38 38 25 17 74 23 99 5 82 45 84 
46 63 93 91 59 49 37 27 0 82 35 88 77 43 11 3 18 22 38 99 57 17 94 45 58 43 3 32 89 24 74 71 48 65 83 61 31 54 55 60 
100 42 98 82 17 51 23 36 82 0 80 54 24 20 58 83 32 30 94 53 89 60 90 45 66 62 75 43 16 9 57 74 34 63 89 22 73 52 9 6 
46 26 32 100 70 20 74 36 35 80 0 18 22 85 65 89 18 9 98 25 86 85 47 24 63 80 59 87 2 85 84 82 47 54 75 42 75 68 40 92 
50 64 43 33 66 95 83 71 88 54 18 0 18 48 38 87 15 96 54 99 76 89 3 47 8 55 51 92 27 59 85 65 19 73 72 26 19 23 6 74 
78 34 51 21 78 61 82 25 77 24 22 18 0 68 87 85 38 65 73 97 26 14 37 13 65 30 93 6 17 18 21 42 70 37 67 58 23 82 11 80 
40 15 63 86 19 42 85 29 43 20 85 48 68 0 86 52 6 77 8 68 77 23 73 65 82 27 4 82 1 27 18 70 21 15 64 90 55 2 60 44 
92 78 75 17 63 14 4 21 11 58 65 38 87 86 0 80 80 41 30 25 51 19 70 65 47 75 51 59 40 3 3 53 20 26 26 90 21 62 30 38 
66 49 4 3 91 11 88 15 3 83 89 87 85 52 80 0 2 46 93 43 33 94 38 18 3 99 6 21 46 39 10 49 34 8 71 64 37 72 83 35 
82 62 44 19 43 1 37 52 18 32 18 15 38 6 80 2 0 10 78 87 13 78 77 25 80 100 68 84 93 10 41 11 91 77 51 64 8 6 68 92 
96 76 10 63 49 35 3 53 22 30 9 96 65 77 41 46 10 0 51 16 86 78 2 50 95 40 24 11 88 54 7 37 62 78 67 53 94 7 60 92 
65 19 38 37 40 8 91 56 38 94 98 54 73 8 30 93 78 51 0 4 56 69 43 29 5 25 88 11 8 92 16 24 78 9 8 21 6 82 71 77 
7 76 90 85 63 66 11 31 99 53 25 99 97 68 25 43 87 16 4 0 49 65 6 24 82 5 15 8 42 82 100 49 100 44 70 27 36 6 63 92 
75 42 48 86 24 13 38 46 57 89 86 76 26 77 51 33 13 86 56 49 0 26 59 82 43 66 58 54 7 6 69 24 8 38 83 100 51 59 2 67 
30 75 84 43 86 86 9 21 17 60 85 89 14 23 19 94 78 78 69 65 26 0 43 55 84 86 65 96 10 40 90 65 72 100 88 28 89 86 47 28 
90 65 71 22 53 42 36 64 94 90 47 3 37 73 70 38 77 2 43 6 59 43 0 62 46 55 42 7 80 33 26 84 22 26 70 36 18 70 20 31 
31 29 27 36 93 21 13 65 45 45 24 47 13 65 65 18 25 50 29 24 82 55 62 0 11 91 37 69 87 17 2 8 89 38 88 32 66 57 47 31 
16 79 100 77 55 44 53 100 58 66 63 8 65 82 47 3 80 95 5 82 43 84 46 11 0 60 40 91 10 34 51 39 30 79 47 10 10 38 31 37 
17 14 82 4 34 57 24 37 43 62 80 55 30 27 75 99 100 40 25 5 66 86 55 91 60 0 61 54 33 28 65 34 67 80 19 5 50 84 100 87 
87 92 54 80 95 36 97 21 3 75 59 51 93 4 51 6 68 24 88 15 58 65 42 37 40 61 0 22 14 100 10 71 61 74 9 24 75 48 5 88 
64 8 61 57 37 71 23 3 32 43 87 92 6 82 59 21 84 11 11 8 54 96 7 69 91 54 22 0 14 37 96 35 1 42 53 64 13 31 84 18 
56 64 52 100 82 22 30 45 89 16 2 27 17 1 40 46 93 88 8 42 7 10 80 87 10 33 14 14 0 17 23 80 34 66 3 51 12 25 50 28 
95 29 13 16 21 53 48 38 24 9 85 59 18 27 3 39 10 54 92 82 6 40 33 17 34 28 100 37 17 0 71 88 28 58 45 15 23 25 39 94 
39 7 71 40 45 34 69 38 74 57 84 85 21 18 3 10 41 7 16 100 69 90 26 2 51 65 10 96 23 71 0 43 90 48 14 66 80 43 96 74 
28 57 45 98 8 10 49 25 71 74 82 65 42 70 53 49 11 37 24 49 24 65 84 8 39 34 71 35 80 88 43 0 23 9 50 91 98 61 15 48 
73 91 91 60 42 72 88 17 48 34 47 19 70 21 20 34 91 62 78 100 8 72 22 89 30 67 61 1 34 28 90 23 0 83 26 70 94 64 70 44 
67 4 5 32 49 12 15 74 65 63 54 73 37 15 26 8 77 78 9 44 38 100 26 38 79 80 74 42 66 58 48 9 83 0 98 49 3 18 100 18 
4 19 8 94 12 88 21 23 83 89 75 72 67 64 26 71 51 67 8 70 83 88 70 88 47 19 9 53 3 45 14 50 26 98 0 66 77 45 4 90 
96 41 55 8 76 48 56 99 61 22 42 26 58 90 90 64 64 53 21 27 100 28 36 32 10 5 24 64 51 15 66 91 70 49 66 0 86 91 2 87 
43 31 90 2 51 57 34 5 31 73 75 19 23 55 21 37 8 94 6 36 51 89 18 66 10 50 75 13 12 23 80 98 94 3 77 86 0 7 11 84 
7 7 16 46 30 63 40 82 54 52 68 23 82 2 62 72 6 7 82 6 59 86 70 57 38 84 48 31 25 25 43 61 64 18 45 91 7 0 15 28 
78 87 32 86 48 68 69 45 55 9 40 6 11 60 30 83 68 60 71 63 2 47 20 47 31 100 5 84 50 39 96 15 70 100 4 2 11 15 0 57 
21 65 57 16 71 4 27 84 60 6 92 74 80 44 38 35 92 92 77 92 67 28 31 31 37 87 88 18 28 94 74 48 44 18 90 87 84 28 57 0 